v -0.9705758084983825 1.0906235311145782 -0.22813044246530534
v -0.5949541544799805 1.010250071534157 -0.8859354533681869
v -0.5929242453804016 0.6793321856193543 0.17951363679504395
v -1.572797728884697 0.8451966337146759 0.45195992368984217
v -2.5382158272600175 -0.7603294841256141 1.7181436881809233
v -1.689985195962429 -0.07977312563323974 -0.421986762242794
v -1.670042773018837 -0.35245895457935333 0.5255993188428879
v -2.557593212568283 -0.6921781588840485 0.49126282426977164
v -4.004455346261501 4.025364766348838 -2.2319613977651596
v -3.6000214925117495 1.1371234819021225 -0.9674900573408602
v -1.112346570295334 -0.8258849863548279 -1.1470686592135428
v -1.3711975559406282 0.39775635532093045 -0.5852030150079728
v -0.148944 0.62204225 0.106517
v -0.391338 0.358406 0.102437
v -2.9555371119823457 1.2243328579235078 -0.547487489862442
v -0.595548 -0.308682 0.154489
v -0.573348 -0.243575 0.215694
v -2.21581050484848 1.2918490066432953 0.2581387174415588
v -0.731955498667717 1.0955526220436096 -0.8216926010735035
v -0.9731214603652955 0.49968620186805723 -0.24921357748508455
v -4.4344387900857924 -0.3782783750972748 -0.4020817883839607
v -0.9977741332063675 -0.26013873583602903 -0.44833384452199937
v -0.65512 -0.37655 -0.010111
v -1.0500353721055984 0.26120538415431976 -1.1351622767722607
v -1.3237342325792314 0.6194804543294906 -0.23049501620936397
v -2.1634565993456842 0.5278785698251725 -1.394885564798832
v -2.409853490839958 -0.055435674749374386 1.3559370137245654
v -0.572868 -0.412675 0.079391
v -2.496210742404938 -1.2309878209991454 1.829006462984085
v -1.2690593210859298 0.3074583313369751 1.3542346315402984
v -0.57458 -0.238914 0.12881
v -0.7662627722997666 1.2189087183570861 -0.2423057734465599
v -0.888724162068367 0.22298142949676514 0.17455076508522033
v -0.11211 0.5887705 0.07634099999999999
v -0.529033 -0.339898 0.170878
v -1.1420488389520647 0.5069260403308868 -1.1277856453123092
v -0.71885521357584 0.287334369729042 -0.7883875600833893
v -0.4329040452079773 0.46699100480270384 -0.1942890548160076
v -0.4987915 -0.331898 0.0744945
v -2.0906101376452444 -0.8560429448871613 1.173461001611471
v -0.5613275570840836 1.7358342954788208 1.143662047543764
v -2.5310444093608857 0.49489215635871897 -0.49877469042778017
v -0.110727 0.621758 0.175238
v -1.109578243004799 -0.004321293622970623 0.47844677275824554
v -0.50282925 -0.282266 0.05119825
v -1.4794520248374938 1.6038774021492004 -0.2504764515976906
v -0.535123679708004 1.4255044717435836 -0.156201249900341
v -2.9264428091506955 1.0927326555519103 -1.6160222163162232
v -0.223557 0.301093 -0.106391
v -0.23456100000000002 0.2509755 -0.055233
v -0.466449 -0.362212 0.147148
v -0.241515 0.252867 -0.029985
v -0.190524 0.28843450000000004 0.022552
v -0.22219275 0.21583500000000003 0.036397
v -0.470048 -0.337952 0.026608
v -0.273479 0.130356 0.028947
v -0.427744 -0.250773 -0.054029
v -0.391313 -0.326193 -0.002079
v -0.510523 -0.414768 0.023045
v -0.525352 -0.455595 0.063957
v -0.09979 0.556369 0.063236
v -0.6522966793370246 -0.059857816666603086 -0.6347668768935204
v 0.0947346875 0.30473343750000004 -0.047139249999999994
v -0.244395 0.184357 -0.11237950000000001
v -0.18878155547332764 0.3828913898200989 -0.4137535189549923
v -0.352196 -0.205619 -0.048476
v -0.6815496697359085 1.0014427537345887 -1.126709509812355
v -0.278735 0.143749 -0.141388
v -0.176694 0.264258 0.003672
v -0.293511 0.027027 -0.068656
v -0.0700035390625 -0.2776406875 0.0989083046875
v -2.4657283073949814 -0.12866444611549377 0.8271537425107955
v -0.14673 0.232175 0.070703
v -0.41025506690597535 0.30848732122564315 -0.42603021224117277
v -0.11098537378787998 -0.16233141464424133 -0.7389691655387878
v -0.8419931539263725 -0.14898654461765287 -0.1309713801045418
v -0.214822 0.074273 0.143855
v -0.090947 0.331257 -0.045315
v -0.3707687538771629 -0.28443080578041074 -0.03824006186819073
v -0.2601605 -0.1457295 -0.1301765
v -0.6153884522886276 0.23089731420516968 -0.19444896933650968
v -0.26578 -0.262491 -0.100255
v -0.17666060043907167 -0.2821352111811638 -0.7332043033370972
v -0.6858914312992096 -0.06611564634037015 -0.1135347210355997
v -0.3594218093891144 0.7247419848241806 -0.8660354382076263
v -0.085315 0.14048 0.185893
v -1.1352487011566161 0.6593649714050294 -1.6066787339820863
v -0.006739 0.354332 0.023824
v -0.236635 -0.104036 -0.205749
v -1.6956401575775146 -0.39768771478271486 0.6211410768194199
v -0.8853520384726524 -0.9620636205215454 -0.07448266418075561
v -0.282077 -0.266461 -0.027913
v -0.8077937004475594 0.7136518499736786 -0.848565357293129
v -2.180329990640163 0.28309316341781615 -0.2915253840227128
v 0.18500741750335692 -0.04840513762474058 -0.593394218050003
v -0.13046425 -0.06887625 -0.30070850000000005
v 0.0467928014354706 0.2336990214014053 -0.6089774464101791
v 0.0012899573698044176 0.4798213482966423 -0.3479719585329294
v -0.209918 -0.275682 0.1399
v -0.7224420634245873 -0.13491187417030337 -0.3410590124397278
v -0.07387 0.306246 -0.201194
v 0.10733 0.333195 0.033548
v -0.6228661802444457 -0.7968637475757598 0.3014981701073647
v 0.06285400000000001 0.1907815 0.171114
v -0.18658303248310087 -0.34384583895111087 0.8875101232204439
v -0.079003 -0.131817 0.200862
v -0.5556903596811295 -0.3360878126192093 0.5698097738485336
v -0.243831 -0.187658 -0.142386
v -0.011007 0.141814 0.197222
v -0.3629078874154091 -0.2370081536912918 -0.5752771577701569
v -0.057306 -0.060113 -0.325224
v -0.023610781250000004 -0.02091728125 -0.32733056250000003
v -0.011035571682929984 0.4280682578935623 -0.05729096086120605
v 0.132411 0.337515 -0.10505
v -0.07886750000000001 -0.30568874999999995 0.0052840000000000005
v -0.209656 -0.277197 0.069923
v -0.7376244602127076 -0.22952524028968813 0.3008992549495697
v -0.1390515 -0.22316950000000002 -0.415554
v 0.024254 0.086305 0.30542
v -0.119875 0.065339 -0.33093
v -0.8544440700473785 -0.4867253039331436 -0.19994095106840132
v -0.44656523305511475 -0.19860643276786805 -0.10135374937057495
v 0.16873825 0.28631925 -0.128714375
v -0.147951 -0.258159 -0.170728
v -1.5917751974515915 0.3776332336511612 -2.0052475830757617
v -0.134168 -0.11461 -0.300846
v -1.2883644286751748 1.6397116660642623 -1.411889058605194
v -0.100248 -0.293475 0.198698
v -1.023573016623497 0.07112720240497589 -0.24756858933305742
v -0.027899 0.093987 -0.36137
v 0.4615844652194977 -0.2248111244869232 -1.0628036617207526
v -1.0692663920965195 -0.934552313858986 -0.1743752175402642
v 0.04000906792402267 -0.27440900884628294 -0.6522273036484718
v -1.908371787296772 -0.26335381846618655 -1.0203087958889008
v 0.10983884375 0.22866521875 -0.17299112500000002
v -0.022415875 -0.242577125 -0.218220625
v -0.0017757500000000013 -0.33073325 -0.13337025
v 0.15773987500000003 -0.052784437499999996 0.13777462499999998
v 0.1676285 0.25376550000000003 -0.22042175
v 0.49407738030624393 0.03586041532516482 -0.4700741127402782
v -0.114912 -0.226746 -0.403715
v -0.12230565625 -0.28498425 -0.008852281250000003
v 0.182765 0.28177 -0.160856
v -0.679977575293541 -1.5258818922567368 -0.05398395417761803
v -0.066124 -0.148741 -0.555508
v -0.065328 -0.3105165 -0.038347
v -0.14396811557817457 -0.19397387279891964 -0.4974830644431114
v -0.8518664324231149 0.15502621609306333 0.5836795364742279
v -0.5622749674983025 -1.1924100331487657 -0.12727023383331304
v 0.079705 0.047328 0.239904
v -0.2534920402917862 -0.7965663946418762 -0.4007934481506348
v -0.0765209278001785 -0.03374640657138825 -1.1024427995958328
v -0.021867 -0.283619 -0.198184
v 0.032424 -0.312525 0.146317
v -0.4622133880009651 0.09560549538326263 -0.6133234364857674
v 0.17874694843864442 -0.38354777036094667 0.2571552596731186
v -0.6798384719099999 -0.4446500166873932 -0.45283731341552735
v 0.236289 0.204091 -0.114368
v 0.101144 0.062971 -0.350039
v -0.24376278997802736 0.4659780257358551 0.1937609887413978
v 0.1493835 -0.06746475 0.1721955
v 0.3590535952782631 -0.09205523644733427 -0.5010018141980171
v 0.053373 -0.223084 0.144035
v 0.192613 0.021069 0.188546
v -2.146209501443386 0.7919863633098603 -0.7426057053780556
v 0.184129 0.217956 -0.252926
v 0.22613138469743727 0.5367612894096374 0.022230559743881217
v -0.02926 -0.31525 -0.014324
v -0.011555 -0.31152 -0.134161
v -0.04123779337739952 0.1295894623451233 0.3352905596737862
v 0.085391 -0.021098 -0.347989
v 0.12654575 -0.257180625 -0.15584275
v 0.2936945 0.075937875 -0.023973125
v -0.228354271214962 -0.27188765575408935 0.3760594660663605
v 0.072557 -0.325973 -0.02267
v 0.19329740472316742 -0.1746630640134812 0.402491212829113
v 0.025668 -0.379974 -0.084515
v 0.144382 -0.184855 -0.229698
v 0.26239100000000004 0.031468499999999996 0.10213
v 0.1019245 -0.36608 -0.1304525
v 0.122079 -0.26875 -0.114157
v -0.2254428914141655 -0.6935754112167358 -0.26509660863637924
v 0.3653875 0.13979049999999998 0.0023665000000000005
v 0.007603006146430946 -0.9957006841039657 -0.31996167432689665
v 0.040533 -0.397462 -0.115618
v 0.106935 -0.340848 -0.0931
v -0.0048889671764373865 0.3100914893131256 -0.7337441189684868
v 0.217663 -0.195622 -0.108383
v -1.2537251167411805 -1.2660647313327789 1.4597733833494186
v -0.01345216515445713 0.749371621793747 -0.6588352015695572
v 0.477995 0.43302 -0.096471
v 0.09327868473243717 -0.5756381094455719 0.4788325636239052
v 0.138517 -0.398919 0.014036
v 0.35298662973022465 0.25585504149436944 -0.27795079024696356
v 0.7075580133342743 0.942199408126831 -0.13573856705760956
v 0.286316 -0.008149 0.090931
v 0.4035 0.225475 0.023352
v -0.8300415208072662 -0.4621927284946441 2.1480798787264823
v -0.46630323291778564 1.3959895579795838 -0.7283518558206559
v 0.381988 0.203783 -0.12967
v 0.07094610052680969 -0.53008596493721 -0.05179534300136568
v 0.32080600000000004 -0.016650250000000002 -0.07580225
v 0.282736 -0.133203 -0.025789
v 0.384223 0.112542 0.038742
v 0.110814 -0.462264 -0.088778
v -0.08857062712907793 -0.33758536129283906 -0.5199209061660767
v 0.163994 -0.591758 0.089962
v 0.184777 -0.44450900000000004 0.156054
v -0.291285814139843 0.6261227794713974 -0.08229022027158736
v 0.303865 -0.0696065 -0.1134195
v 0.280229 -0.106832 -0.159281
v 0.5185665019330978 0.25862321269226074 -0.3234055788257122
v 0.171712 -0.418874 0.095788
v 0.565225375 0.432556875 -0.04418612499999999
v -0.11542770927858353 -0.41188066082286834 -0.1233833736629486
v 0.275696 -0.442456 0.189898
v -0.6927715811014175 0.8116010516300202 -0.7005059365801811
v 0.58412175 0.40028775 -0.07274824999999999
v 0.04557305262899397 -0.8554720358943939 0.21585906309700012
v 0.358676 0.090396 -0.086884
v 0.4998815 0.2509075 0.056284
v 0.207816 -0.5671619999999999 0.20556249999999998
v 0.507944 0.249776 0.025605
v 0.523939 0.315952 0.017928
v 0.0772244116549492 -0.4718377054986953 -0.2481268429393768
v 0.546474 0.36711 0.029869
v 0.490176 0.165155 -0.07792
v 0.212809 -0.51759 0.064932
v 0.243492 -0.543286 0.20687
v 0.31859899999999997 -0.5133405 0.175627
v 0.585067 0.317436 -0.07211
v 0.596989 0.449885 -0.062095
v 0.476185 0.07644 -0.039794
v 0.15651221044158925 0.42856060809516905 0.1831477944648266
v 0.6672088740005493 1.2452486902503968 -0.06925898515176776
v 0.565722 0.163774 0.083693
v 0.243072 -0.632089 0.086021
v 0.5315259999999999 0.031236 0.056938499999999996
v 0.19167591821861263 0.0628028893995285 0.8590836188488007
v 0.525216 0.107647 0.013976
v 0.30407 -0.566047 0.144549
v 0.42002037960147853 -0.0031679009246826095 0.346084022644043
v 0.2862976625347138 1.2183732674760819 -0.5976685982027053
v -0.22402321812820436 0.09092689349174499 0.052893338832855186
v 0.533953 0.077951 0.074567
v 0.590484 0.035555 0.097366
v 0.361698681107521 1.062470663072586 0.05461307321834563
v 0.615178 0.097758 0.123699
v 0.2285540668935776 0.4069247284812927 1.0623472043294906
v -0.4252364339928627 0.28408933145618437 -0.254639436081171
